[{
	'gas': ['Ar'],
	'l': 0.15,
	'R': 0.0565,
	'S1': 0.01,
	'f': 64,
	'Pwr': [24.51493,24.65258,25.76824,26.5903,26.84487,27.16028,27.24596,27.44836,27.7137,27.79366,27.9598,28.1894,28.26531,28.40468,28.60741,28.68034,28.79906,28.98084,29.02259,29.05148,29.15146,29.15376,29.27583,29.31869,29.38754,29.39604,29.47639,29.51236,29.62506,29.62748,29.69489,29.73437,29.77254,29.84049,29.91205,29.94361,29.97828,30.04392,30.04644,30.14157,30.1761,30.2367,30.24137,30.30137,30.32945,30.41994,30.42255,30.48701,30.50829,30.53991,30.5946,30.6537,30.67896,30.71748,30.76148,30.76415,30.84222,30.87145,30.92128,30.93466,30.9758,30.99872,31.07461,31.07735,31.14006,31.14903,31.17626,31.22201,31.27268,31.29363,31.33496,31.36394,31.36673,31.43299,31.45853,31.50081,31.52045,31.5482,31.56747,31.633,31.63584,31.69744,31.72153,31.80538,31.88747,31.96786,32.04664,32.12387,32.19961,32.27392,32.34687,32.4185,32.48885,32.55799,32.62595,32.69277,32.7585,32.82316,32.88681,32.94946,33.01116,33.07193,33.1318,33.1908,33.24896,33.3063,33.36285,33.41862,33.47365,33.52794,33.58153,33.63443,33.68666,33.73823,33.78917,33.8395,33.88921,33.93834,33.9869,34.0349,34.08235,34.12926,34.17566,34.22155,34.26694,34.31185,34.35628,34.40025,34.44376,34.48683,34.52947,34.57168,34.61347,34.65486,34.69584,34.73644,34.77665,34.81648,34.85595,34.89506,34.93381,34.97221,35.01027,35.048,35.0854,35.12248,35.15924,35.19569,35.23183,35.26768,35.30322,35.33848,35.37346,35.40815,35.44257,35.47672,35.5106,35.54422,35.57758,35.61069,35.64355,35.67617,35.70854,35.74068,35.77258,35.80425,35.83569,35.86691,35.89792,35.9287,35.95927,35.98963,36.01978,36.04973,36.07947,36.10902,36.13837,36.16752,36.19649,36.22527,36.25386,36.28227,36.3105,36.33855,36.36643,36.39413,36.42167,36.44903,36.47623,36.50326,36.53013,36.55684,36.58339,36.60978,36.63602,36.66211,36.68805,36.71384,36.73948,37.78549],
	'Assy': 4,
	'p': [0.19,0.2,0.3,0.4,0.43648,0.48578,0.5,0.53508,0.58437,0.6,0.63367,0.68296,0.7,0.73226,0.78156,0.8,0.83085,0.88015,0.89184,0.9,0.92878,0.92945,0.96571,0.97874,1,1.00265,1.02804,1.03959,1.07653,1.07734,1.1,1.11347,1.12663,1.15041,1.17593,1.18735,1.2,1.22429,1.22523,1.26122,1.27452,1.29816,1.3,1.32382,1.3351,1.37204,1.37312,1.4,1.40898,1.42241,1.44592,1.47171,1.48286,1.5,1.5198,1.52101,1.55673,1.5703,1.59367,1.6,1.6196,1.63061,1.66755,1.66889,1.7,1.70449,1.71819,1.74143,1.76749,1.77837,1.8,1.81531,1.81678,1.85224,1.86608,1.88918,1.9,1.91538,1.92612,1.96306,1.96467,2,2.01397,2.06327,2.11256,2.16186,2.21116,2.26045,2.30975,2.35905,2.40834,2.45764,2.50693,2.55623,2.60553,2.65482,2.70412,2.75342,2.80271,2.85201,2.90131,2.9506,2.9999,3.0492,3.09849,3.14779,3.19709,3.24638,3.29568,3.34497,3.39427,3.44357,3.49286,3.54216,3.59146,3.64075,3.69005,3.73935,3.78864,3.83794,3.88724,3.93653,3.98583,4.03513,4.08442,4.13372,4.18302,4.23231,4.28161,4.3309,4.3802,4.4295,4.47879,4.52809,4.57739,4.62668,4.67598,4.72528,4.77457,4.82387,4.87317,4.92246,4.97176,5.02106,5.07035,5.11965,5.16894,5.21824,5.26754,5.31683,5.36613,5.41543,5.46472,5.51402,5.56332,5.61261,5.66191,5.71121,5.7605,5.8098,5.8591,5.90839,5.95769,6.00698,6.05628,6.10558,6.15487,6.20417,6.25347,6.30276,6.35206,6.40136,6.45065,6.49995,6.54925,6.59854,6.64784,6.69714,6.74643,6.79573,6.84503,6.89432,6.94362,6.99291,7.04221,7.09151,7.1408,7.1901,7.2394,7.28869,7.33799,7.38729,7.43658,7.48588,7.53518,7.58447,7.63377,7.68307,7.73236,10],
}, 'pair']